1 0.49400000000000005 0.256 0.5053333328125 0.25775000000000003 0.517 0.25625 0.5373333328125 0.246 0.5453333328125 0.24 0.549 0.23224999999999998 0.5533333328125 0.2165 0.5526666671875 0.20049999999999998 0.5509999999999999 0.197 0.54 0.185 0.5343333328125001 0.18125 0.5213333328124999 0.17875000000000002 0.5093333328125 0.17875000000000002 0.48666666718749996 0.1855 0.4766666671875 0.19325 0.4686666671875 0.2045 0.46266666718750005 0.22000000000000003 0.46399999999999997 0.22999999999999998 0.472 0.2395 0.49400000000000005 0.256
2 0.4773333328125 0.1875 0.5133333328125 0.1775 0.518 0.17675000000000002 0.5326666671875 0.17875000000000002 0.5343333328125001 0.1775 0.5333333328125 0.16225 0.5293333328125 0.15025 0.5176666671875 0.135 0.5113333328125 0.13075 0.506 0.129 0.48666666718749996 0.12675 0.46299999999999997 0.13125 0.4503333328125 0.14075 0.44299999999999995 0.152 0.44266666718750003 0.158 0.46733333281249995 0.1755 0.47400000000000003 0.18575 0.4773333328125 0.1875
2 0.3756666671875 0.22549999999999998 0.3886666671875 0.23399999999999999 0.40800000000000003 0.24100000000000002 0.41500000000000004 0.242 0.4306666671875 0.23700000000000002 0.45533333281250005 0.233 0.4603333328125 0.22425 0.46299999999999997 0.21225 0.4756666671875 0.189 0.4636666671875 0.173 0.44299999999999995 0.15975 0.4266666671875 0.15425 0.4016666671875 0.15325 0.393 0.15425 0.3863333328125 0.157 0.373 0.17124999999999999 0.3693333328125 0.17350000000000002 0.36466666718749996 0.1815 0.361 0.192 0.36066666718749996 0.19724999999999998 0.36466666718749996 0.21075 0.369 0.21825 0.3756666671875 0.22549999999999998
2 0.42000000000000004 0.3045 0.43566666718749997 0.3125 0.45466666718750004 0.318 0.4623333328125 0.318 0.47933333281249996 0.31175 0.48566666718749996 0.30825 0.49133333281249997 0.30274999999999996 0.4993333328125 0.2875 0.4993333328125 0.27925 0.49733333281250003 0.27125 0.487 0.25725 0.47000000000000003 0.24325000000000002 0.4596666671875 0.23775 0.45133333281250004 0.236 0.44266666718750003 0.236 0.42533333281249996 0.24 0.41600000000000004 0.2445 0.4113333328125 0.24825 0.404 0.25775000000000003 0.40199999999999997 0.26375000000000004 0.40199999999999997 0.27149999999999996 0.40599999999999997 0.288 0.41200000000000003 0.29900000000000004 0.42000000000000004 0.3045
2 0.5836666671875 0.2745 0.5846666671875 0.27975 0.581 0.29874999999999996 0.5876666671875 0.29975 0.5980000000000001 0.29925 0.6106666671875 0.2955 0.623 0.286 0.632 0.27149999999999996 0.6326666671875001 0.25975000000000004 0.6266666671875 0.24775 0.611 0.23500000000000001 0.5963333328125 0.22925 0.5946666671874999 0.22949999999999998 0.583 0.23925000000000002 0.5646666671875 0.2475 0.567 0.252 0.5703333328125 0.25425 0.5766666671875 0.263 0.5836666671875 0.2745
2 0.511 0.31575000000000003 0.5166666671875 0.3185 0.525 0.32025000000000003 0.5386666671875 0.31975 0.5483333328125 0.318 0.5643333328125 0.31074999999999997 0.5786666671875 0.2985 0.584 0.286 0.584 0.27549999999999997 0.5776666671874999 0.26349999999999996 0.5599999999999999 0.24674999999999997 0.5446666671875 0.2415 0.536 0.248 0.534 0.251 0.529 0.25175000000000003 0.5153333328125 0.2575 0.499 0.25975000000000004 0.4996666671875 0.2875 0.49833333281250003 0.29500000000000004 0.49400000000000005 0.30274999999999996 0.511 0.31575000000000003
2 0.5546666671875 0.21725 0.5523333328125 0.22200000000000003 0.5506666671875 0.233 0.5483333328125 0.23625 0.5483333328125 0.24 0.5603333328125 0.24525000000000002 0.58 0.24075000000000002 0.595 0.229 0.6053333328125 0.21325 0.6086666671875001 0.1985 0.608 0.19125 0.6053333328125 0.18575 0.5996666671875001 0.1795 0.5916666671875 0.17425 0.587 0.17175 0.581 0.17124999999999999 0.564 0.1715 0.5563333328125 0.17350000000000002 0.5406666671875 0.1805 0.5393333328125001 0.18175 0.5526666671875 0.198 0.5546666671875 0.209 0.5546666671875 0.21725
2 0.32766666718750004 0.26 0.3426666671875 0.27 0.3573333328125 0.27525 0.368 0.2765 0.381 0.27625 0.3973333328125 0.27 0.40199999999999997 0.2585 0.413 0.244 0.40533333281250006 0.24025 0.39 0.23525000000000001 0.373 0.22425 0.3696666671875 0.2205 0.361 0.20325000000000001 0.3483333328125 0.205 0.337 0.20975000000000002 0.32566666718750004 0.2185 0.3193333328125 0.229 0.3183333328125 0.23199999999999998 0.319 0.24474999999999997 0.322 0.253 0.32766666718750004 0.26
0 0.544 0.58825 0.5613333328125 0.59325 0.5660000000000001 0.5925 0.5693333328125 0.5902499999999999 0.5816666671874999 0.57775 0.5896666671874999 0.56425 0.5923333328125 0.54875 0.591 0.54475 0.5876666671875 0.5415 0.5756666671875 0.5335 0.5593333328125001 0.52975 0.5493333328125 0.52925 0.5406666671875 0.5309999999999999 0.529 0.536 0.5213333328124999 0.54125 0.5116666671875 0.5525 0.5113333328125 0.5575 0.5166666671875 0.5740000000000001 0.5243333328124999 0.5872499999999999 0.544 0.58825
0 0.49400000000000005 0.6457499999999999 0.503 0.654 0.518 0.6605000000000001 0.5253333328124999 0.66225 0.5366666671875 0.66425 0.558 0.6637500000000001 0.5780000000000001 0.658 0.58 0.6587500000000001 0.5820000000000001 0.6525000000000001 0.588 0.65025 0.5916666671875 0.6435 0.5916666671875 0.62325 0.5896666671874999 0.6224999999999999 0.5876666671875 0.619 0.5886666671875 0.61475 0.584 0.60675 0.5796666671875 0.603 0.5663333328125 0.59575 0.545 0.58975 0.533 0.5885 0.5246666671875 0.5902499999999999 0.5183333328125 0.59375 0.4926666671875 0.6134999999999999 0.488 0.619 0.48733333281249996 0.62325 0.4893333328125 0.6345 0.49133333281249997 0.6425 0.49400000000000005 0.6457499999999999
0 0.387 0.68475 0.40033333281249994 0.693 0.42699999999999994 0.69325 0.4446666671875 0.6855 0.4533333328125 0.67825 0.46799999999999997 0.64675 0.46799999999999997 0.634 0.4636666671875 0.6252500000000001 0.45099999999999996 0.6144999999999999 0.43933333281250003 0.61075 0.41966666718749995 0.602 0.41100000000000003 0.6014999999999999 0.397 0.6035 0.3806666671875 0.611 0.3723333328125 0.617 0.365 0.6245 0.3613333328125 0.6305 0.3603333328125 0.635 0.361 0.64725 0.375 0.6679999999999999 0.377 0.6735 0.387 0.68475
0 0.37266666718749997 0.615 0.3896666671875 0.6054999999999999 0.399 0.602 0.409 0.59975 0.4166666671875 0.5995 0.4186666671875 0.596 0.41100000000000003 0.58275 0.4086666671875 0.5742499999999999 0.40833333281249995 0.5645 0.3963333328125 0.56175 0.3843333328125 0.562 0.3756666671875 0.56425 0.36833333281249997 0.568 0.3573333328125 0.5780000000000001 0.354 0.588 0.354 0.59425 0.3566666671875 0.6042500000000001 0.36866666718749996 0.616 0.37266666718749997 0.615
2 0.462 0.71375 0.46966666718749994 0.71875 0.4863333328125 0.7230000000000001 0.49833333281250003 0.7230000000000001 0.5213333328124999 0.7175 0.533 0.70775 0.5403333328125 0.697 0.5413333328125 0.68475 0.5386666671875 0.67075 0.5363333328125 0.6679999999999999 0.5293333328125 0.6645 0.5156666671875 0.661 0.504 0.65625 0.49000000000000005 0.6447499999999999 0.48200000000000004 0.64375 0.4703333328125 0.64625 0.4613333328125 0.66575 0.45866666718750004 0.67625 0.4526666671875 0.68425 0.45099999999999996 0.693 0.4543333328125 0.7035 0.45766666718750004 0.709 0.462 0.71375
2 0.33166666718750004 0.98425 0.3453333328125 0.98925 0.357 0.991 0.377 0.9894999999999999 0.3963333328125 0.98525 0.4006666671875 0.9814999999999999 0.4063333328125 0.9792500000000001 0.4143333328125 0.96675 0.417 0.9592499999999999 0.41733333281249996 0.95075 0.41600000000000004 0.9435 0.413 0.93775 0.40533333281250006 0.9272500000000001 0.3983333328125 0.921 0.3863333328125 0.91425 0.377 0.9112500000000001 0.3533333328125 0.9099999999999999 0.348 0.9125 0.33366666718750004 0.916 0.3206666671875 0.9237500000000001 0.31433333281250003 0.932 0.3113333328125 0.93925 0.31066666718749997 0.94825 0.312 0.9560000000000001 0.322 0.976 0.33166666718750004 0.98425
2 0.38133333281250004 0.91325 0.3936666671875 0.9185000000000001 0.404 0.9259999999999999 0.4073333328125 0.9257500000000001 0.41233333281249995 0.9175000000000001 0.4166666671875 0.90525 0.4226666671875 0.8859999999999999 0.42300000000000004 0.87675 0.4183333328125 0.87225 0.40800000000000003 0.866 0.3926666671875 0.8619999999999999 0.381 0.8622500000000001 0.3723333328125 0.865 0.3576666671875 0.8755000000000001 0.3506666671875 0.88475 0.34900000000000003 0.89075 0.34900000000000003 0.9 0.3533333328125 0.9092499999999999 0.369 0.91075 0.38133333281250004 0.91325
0 0.43933333281250003 0.609 0.4613333328125 0.61375 0.479 0.614 0.49000000000000005 0.61125 0.5 0.6054999999999999 0.5086666671875 0.5972500000000001 0.5163333328124999 0.5832499999999999 0.5166666671875 0.576 0.515 0.5685 0.506 0.55425 0.4783333328125 0.5355000000000001 0.47066666718750005 0.53325 0.45766666718750004 0.53225 0.43966666718749997 0.5349999999999999 0.43166666718749996 0.538 0.41966666718749995 0.5465 0.4096666671875 0.56425 0.409 0.568 0.4096666671875 0.57925 0.41166666718749995 0.585 0.4216666671875 0.5995 0.43933333281250003 0.609