1 0.6316666671875 0.28300000000000003 0.6563333328125001 0.2925 0.6636666671875 0.2935 0.6823333328125 0.29325 0.714 0.29025 0.7183333328125 0.28900000000000003 0.7326666671875001 0.281 0.743 0.27 0.748 0.26175000000000004 0.7506666671875 0.24925000000000003 0.7503333328124999 0.238 0.747 0.2285 0.7393333328125 0.21675 0.7333333328125 0.2105 0.725 0.20475 0.716 0.2 0.6993333328125 0.19424999999999998 0.683 0.19225 0.6633333328125001 0.19225 0.6473333328125 0.1955 0.6343333328125 0.20024999999999998 0.625 0.20625 0.6156666671875 0.215 0.61 0.22225 0.6063333328125 0.23174999999999998 0.6076666671875001 0.25325000000000003 0.6133333328125 0.265 0.6186666671875 0.2725 0.6316666671875 0.28300000000000003
2 0.46966666718749994 0.61875 0.47766666718749995 0.6245 0.4916666671875 0.63025 0.505 0.6327499999999999 0.522 0.63225 0.532 0.63 0.5546666671875 0.62175 0.5713333328125 0.6125 0.5793333328125 0.6065 0.5873333328125 0.5985 0.5933333328125 0.58775 0.5976666671875 0.5735 0.5976666671875 0.5650000000000001 0.5916666671875 0.54975 0.5846666671875 0.54025 0.5773333328125 0.53425 0.5663333328125 0.5287499999999999 0.5513333328125001 0.5245 0.5376666671875 0.52325 0.5253333328124999 0.5237499999999999 0.513 0.5265 0.503 0.53075 0.47000000000000003 0.5547500000000001 0.4613333328125 0.5650000000000001 0.45499999999999996 0.57925 0.45466666718750004 0.5905 0.4566666671875 0.5985 0.462 0.6105 0.46966666718749994 0.61875
2 0.548 0.525 0.5583333328125 0.524 0.5736666671874999 0.51825 0.595 0.50275 0.6076666671875001 0.4885 0.6133333328125 0.46875 0.6133333328125 0.45899999999999996 0.6113333328125 0.44925 0.6043333328125 0.4365 0.5940000000000001 0.42625 0.5866666671874999 0.42125 0.5733333328125 0.41574999999999995 0.5606666671875 0.414 0.537 0.41500000000000004 0.5226666671875 0.422 0.496 0.441 0.4886666671875 0.45099999999999996 0.4853333328125 0.462 0.48600000000000004 0.48274999999999996 0.5 0.50875 0.528 0.52225 0.548 0.525
2 0.6653333328125 0.5755 0.6716666671875 0.579 0.683 0.58175 0.6966666671875 0.5820000000000001 0.7096666671875 0.5805 0.7203333328125 0.57775 0.7326666671875001 0.57225 0.743 0.5615 0.75 0.5465 0.7486666671875 0.53125 0.7386666671875 0.517 0.717 0.503 0.6956666671875 0.497 0.6843333328125001 0.49574999999999997 0.6686666671875 0.49625 0.657 0.49800000000000005 0.644 0.502 0.638 0.506 0.631 0.51425 0.6226666671875 0.52925 0.6223333328125 0.53425 0.629 0.5429999999999999 0.647 0.55625 0.6653333328125 0.5755
2 0.3693333328125 0.56075 0.3913333328125 0.56875 0.41600000000000004 0.5700000000000001 0.42533333281249996 0.5725 0.43099999999999994 0.5755 0.43899999999999995 0.5715 0.454 0.56925 0.4596666671875 0.56725 0.48600000000000004 0.54725 0.49400000000000005 0.5337500000000001 0.49733333281250003 0.5207499999999999 0.495 0.50575 0.4893333328125 0.49675 0.4846666671875 0.49225 0.47533333281249995 0.4875 0.4523333328125 0.479 0.4313333328125 0.4755 0.41500000000000004 0.4755 0.395 0.47775 0.374 0.48724999999999996 0.364 0.49375 0.3556666671875 0.50325 0.3526666671875 0.5085 0.3503333328125 0.51725 0.35 0.53125 0.3523333328125 0.54375 0.357 0.55025 0.3693333328125 0.56075
0 0.4743333328125 0.9199999999999999 0.48266666718750006 0.9257500000000001 0.4883333328125 0.9279999999999999 0.5173333328124999 0.93125 0.5293333328125 0.93075 0.5429999999999999 0.9279999999999999 0.5513333328125001 0.925 0.5616666671874999 0.9189999999999999 0.5740000000000001 0.905 0.583 0.8800000000000001 0.579 0.85875 0.5700000000000001 0.8412499999999999 0.5626666671875 0.8314999999999999 0.546 0.819 0.5373333328125 0.8160000000000001 0.5253333328124999 0.81425 0.511 0.8150000000000001 0.4933333328125 0.8182499999999999 0.4863333328125 0.82075 0.47800000000000004 0.827 0.46299999999999997 0.849 0.45866666718750004 0.859 0.45533333281250005 0.874 0.45533333281250005 0.8807499999999999 0.45866666718750004 0.89625 0.46266666718750005 0.90525 0.4743333328125 0.9199999999999999
0 0.3776666671875 0.76475 0.3846666671875 0.771 0.40033333281249994 0.7809999999999999 0.4066666671875 0.7815000000000001 0.4113333328125 0.7805 0.41633333281249996 0.7785 0.42699999999999994 0.77 0.4436666671875 0.76225 0.4596666671875 0.748 0.4663333328125 0.74 0.47466666718750006 0.7245 0.4773333328125 0.71425 0.47766666718749995 0.7035 0.475 0.69375 0.46799999999999997 0.6837500000000001 0.46266666718750005 0.67875 0.4446666671875 0.66925 0.4306666671875 0.6665 0.4143333328125 0.6677500000000001 0.3953333328125 0.6765 0.382 0.68825 0.3716666671875 0.7025 0.363 0.72475 0.36266666718749996 0.735 0.365 0.74425 0.36866666718749996 0.75225 0.3776666671875 0.76475
2 0.5736666671874999 0.189 0.602 0.19675 0.6143333328125 0.1985 0.6233333328125 0.198 0.637 0.19424999999999998 0.6456666671875 0.1905 0.662 0.1795 0.6693333328125 0.1695 0.6736666671875 0.15975 0.675 0.14875 0.6743333328125 0.14025 0.669 0.12825 0.6643333328125001 0.12150000000000001 0.654 0.1135 0.637 0.10674999999999998 0.632 0.10600000000000001 0.616 0.10674999999999998 0.5946666671874999 0.11499999999999999 0.5836666671875 0.121 0.5730000000000001 0.12925 0.5643333328125 0.1405 0.5589999999999999 0.15925 0.5593333328125001 0.17625 0.5613333328125 0.1805 0.5663333328125 0.1855 0.5736666671874999 0.189
2 0.736 0.27875 0.7453333328125 0.27999999999999997 0.758 0.28925 0.771 0.2915 0.7883333328125001 0.29725 0.8029999999999999 0.29925 0.8160000000000001 0.29900000000000004 0.8316666671874999 0.296 0.8503333328125 0.28975 0.8596666671875001 0.28475 0.8699999999999999 0.27525 0.8736666671875 0.26875 0.8763333328125 0.259 0.8763333328125 0.2535 0.8726666671875 0.24300000000000002 0.8683333328125 0.23650000000000002 0.8613333328125 0.22974999999999998 0.8516666671875001 0.223 0.842 0.21825 0.8203333328125 0.2125 0.7876666671875 0.21075 0.756 0.21600000000000003 0.7436666671875 0.21949999999999997 0.7423333328124999 0.22125 0.748 0.2355 0.7476666671875 0.257 0.7453333328125 0.264 0.736 0.27875
2 0.727 0.19924999999999998 0.746 0.20024999999999998 0.7566666671875 0.19924999999999998 0.769 0.1965 0.7846666671875 0.19 0.7923333328125 0.18375 0.7986666671875 0.172 0.8 0.16599999999999998 0.8003333328125001 0.15325 0.7983333328125 0.145 0.7913333328125 0.13625 0.787 0.133 0.7696666671875 0.127 0.7506666671875 0.128 0.727 0.134 0.7043333328125 0.14575 0.6973333328125 0.152 0.682 0.17175 0.675 0.1835 0.6753333328125 0.18775 0.6776666671875 0.19025 0.7033333328125 0.193 0.727 0.19924999999999998
2 0.5056666671875 0.25825 0.5556666671875 0.258 0.5643333328125 0.2565 0.5743333328125 0.25275 0.5783333328125 0.25025 0.5816666671874999 0.2415 0.5896666671874999 0.23374999999999999 0.5946666671874999 0.2225 0.5926666671875 0.20925 0.5886666671875 0.20375000000000001 0.5753333328125 0.1915 0.5536666671875 0.1805 0.5336666671875 0.17575000000000002 0.5113333328125 0.176 0.4916666671875 0.1815 0.485 0.185 0.4766666671875 0.19175 0.46900000000000003 0.20224999999999999 0.46666666718750005 0.209 0.46699999999999997 0.22425 0.47300000000000003 0.23675000000000002 0.4876666671875 0.252 0.5056666671875 0.25825