0 0.393 0.6645 0.4046666671875 0.67075 0.4146666671875 0.67 0.4183333328125 0.6675 0.4256666671875 0.65775 0.45099999999999996 0.6407499999999999 0.4643333328125 0.634 0.46566666718749994 0.6315000000000001 0.466 0.6195 0.4636666671875 0.6134999999999999 0.4606666671875 0.6094999999999999 0.4563333328125 0.607 0.43099999999999994 0.6005 0.40499999999999997 0.5885 0.392 0.58475 0.3866666671875 0.587 0.382 0.59075 0.377 0.601 0.37 0.63425 0.37733333281250003 0.6497499999999999 0.381 0.6545 0.393 0.6645
0 0.40199999999999997 0.5855 0.4086666671875 0.584 0.41200000000000003 0.5805 0.414 0.57525 0.418 0.55375 0.43099999999999994 0.533 0.4306666671875 0.529 0.42699999999999994 0.5247499999999999 0.4223333328125 0.521 0.41500000000000004 0.5185 0.3913333328125 0.51825 0.38133333281250004 0.523 0.377 0.5265 0.3736666671875 0.5309999999999999 0.36833333281249997 0.5435 0.3696666671875 0.5587500000000001 0.37966666718750003 0.5740000000000001 0.3913333328125 0.585 0.40199999999999997 0.5855
0 0.3643333328125 0.63 0.36866666718749996 0.6295 0.3756666671875 0.6247499999999999 0.3883333328125 0.60775 0.399 0.59675 0.3986666671875 0.59225 0.392 0.57875 0.385 0.57225 0.379 0.56975 0.3603333328125 0.57275 0.348 0.57675 0.3396666671875 0.583 0.33199999999999996 0.5945 0.3333333328125 0.6085 0.341 0.62025 0.354 0.6292500000000001 0.3643333328125 0.63
1 0.476 0.64675 0.4846666671875 0.65075 0.49766666718749997 0.6535 0.5186666671875 0.6535 0.533 0.65 0.546 0.63875 0.5576666671875 0.62025 0.5606666671875 0.603 0.5513333328125001 0.589 0.5469999999999999 0.58525 0.54 0.5820000000000001 0.5269999999999999 0.5795 0.501 0.57925 0.4883333328125 0.58425 0.4733333328125 0.5955 0.4686666671875 0.6012500000000001 0.465 0.61425 0.46333333281250005 0.63325 0.46799999999999997 0.6367499999999999 0.4693333328125 0.641 0.476 0.64675
2 0.4373333328125 0.7110000000000001 0.45466666718750004 0.71925 0.46399999999999997 0.72175 0.4716666671875 0.7222500000000001 0.48166666718749995 0.721 0.495 0.71675 0.5063333328125 0.7110000000000001 0.511 0.7070000000000001 0.5153333328125 0.6995 0.519 0.6825 0.5246666671875 0.67075 0.5263333328125 0.659 0.525 0.6565000000000001 0.5203333328124999 0.6537499999999999 0.484 0.64775 0.4683333328125 0.6385 0.45466666718750004 0.6365000000000001 0.4413333328125 0.6425 0.43 0.6525000000000001 0.4246666671875 0.659 0.4216666671875 0.66875 0.42133333281249996 0.6849999999999999 0.4226666671875 0.6950000000000001 0.4306666671875 0.70575 0.4373333328125 0.7110000000000001
2 0.5583333328125 0.29375 0.5956666671875 0.28925 0.6056666671875 0.28650000000000003 0.609 0.284 0.6113333328125 0.27925 0.615 0.254 0.614 0.24025 0.608 0.22725 0.5983333328125 0.21925 0.5823333328125 0.21125 0.568 0.20825 0.5549999999999999 0.20825 0.545 0.20975000000000002 0.533 0.21974999999999997 0.5286666671875 0.22574999999999998 0.52 0.26275 0.5206666671875 0.26825 0.5286666671875 0.27925 0.5426666671875 0.28775 0.5583333328125 0.29375
2 0.5026666671875 0.33875 0.516 0.34249999999999997 0.5316666671875 0.34275 0.544 0.33875 0.5556666671875 0.32925 0.5593333328125001 0.323 0.5606666671875 0.31575000000000003 0.5599999999999999 0.30525 0.5559999999999999 0.296 0.5463333328125 0.28725 0.5269999999999999 0.27675 0.5146666671875 0.2745 0.505 0.27475 0.49766666718749997 0.27675 0.49233333281249997 0.27949999999999997 0.48333333281249996 0.28700000000000003 0.4796666671875 0.2975 0.47866666718750006 0.31625000000000003 0.4806666671875 0.32125 0.488 0.32999999999999996 0.5026666671875 0.33875
2 0.418 0.5972500000000001 0.43 0.6045 0.445 0.6092500000000001 0.4583333328125 0.61075 0.4683333328125 0.60725 0.493 0.58475 0.49633333281249997 0.57875 0.49766666718749997 0.5715 0.49733333281250003 0.557 0.4926666671875 0.54475 0.4853333328125 0.536 0.4773333328125 0.5295 0.4693333328125 0.52625 0.45466666718750004 0.52275 0.4413333328125 0.523 0.42533333281249996 0.528 0.417 0.5335 0.4113333328125 0.5405 0.409 0.549 0.40833333281249995 0.563 0.41 0.579 0.4143333328125 0.5915 0.418 0.5972500000000001
2 0.5003333328124999 0.5855 0.5063333328125 0.58775 0.546 0.589 0.5566666671875 0.589 0.562 0.5862499999999999 0.5746666671875 0.57075 0.58 0.5587500000000001 0.5776666671874999 0.54375 0.572 0.53525 0.564 0.528 0.554 0.523 0.5436666671875 0.5195000000000001 0.5343333328125001 0.518 0.521 0.5185 0.5136666671875 0.5207499999999999 0.5033333328125 0.52625 0.49833333281250003 0.5309999999999999 0.492 0.5415 0.49133333281249997 0.5467500000000001 0.4933333328125 0.553 0.49633333281249997 0.58 0.5003333328124999 0.5855
2 0.5473333328125001 0.67825 0.558 0.6785 0.567 0.67725 0.5793333328125 0.6719999999999999 0.5906666671874999 0.66025 0.5926666671875 0.6487499999999999 0.5900000000000001 0.6385 0.585 0.63075 0.5793333328125 0.625 0.5660000000000001 0.6155 0.5583333328125 0.61175 0.55 0.6275000000000001 0.545 0.6305 0.5383333328125001 0.6385 0.5253333328124999 0.649 0.5196666671875 0.65775 0.5196666671875 0.666 0.523 0.6705 0.5286666671875 0.6735 0.5473333328125001 0.67825
2 0.5693333328125 0.99875 0.5966666671875 0.99825 0.609 0.9964999999999999 0.6193333328125 0.9925 0.635 0.98125 0.6406666671875 0.975 0.646 0.96325 0.6456666671875 0.9494999999999999 0.6366666671875 0.93675 0.629 0.931 0.6123333328125 0.9252499999999999 0.595 0.924 0.5740000000000001 0.9272500000000001 0.5626666671875 0.9315 0.5559999999999999 0.9369999999999999 0.5519999999999999 0.9422499999999999 0.5469999999999999 0.958 0.5463333328125 0.975 0.5516666671875 0.986 0.557 0.99225 0.5693333328125 0.99875