0 0.4566666671875 0.513 0.4606666671875 0.51375 0.4853333328125 0.5145 0.4993333328125 0.50925 0.5143333328125 0.49474999999999997 0.52 0.47975 0.5196666671875 0.4755 0.509 0.46075 0.5046666671875 0.45725 0.4926666671875 0.45425000000000004 0.47400000000000003 0.45375 0.4623333328125 0.45499999999999996 0.45366666718750004 0.45899999999999996 0.45 0.462 0.44400000000000006 0.472 0.44400000000000006 0.48175 0.449 0.491 0.4543333328125 0.5105000000000001 0.4566666671875 0.513
1 0.506 0.1945 0.5103333328125 0.19575 0.5186666671875 0.19575 0.545 0.18575 0.5559999999999999 0.179 0.5653333328125 0.16599999999999998 0.5686666671875 0.149 0.567 0.13874999999999998 0.5623333328125 0.1285 0.5586666671875 0.12350000000000001 0.553 0.11925 0.545 0.1145 0.533 0.1105 0.5193333328125 0.1085 0.511 0.1085 0.505 0.10900000000000001 0.4943333328125 0.1125 0.4783333328125 0.12325 0.47466666718750006 0.128 0.47000000000000003 0.13825 0.466 0.1515 0.46333333281250005 0.1625 0.4653333328125 0.1655 0.477 0.17250000000000001 0.506 0.1945
2 0.4413333328125 0.24125000000000002 0.466 0.2435 0.481 0.2415 0.49000000000000005 0.2375 0.4966666671875 0.233 0.5086666671875 0.2165 0.513 0.2045 0.513 0.20024999999999998 0.508 0.19025 0.4903333328125 0.17525 0.4803333328125 0.16924999999999998 0.4653333328125 0.16499999999999998 0.4413333328125 0.1665 0.42400000000000004 0.17275000000000001 0.4166666671875 0.18 0.41200000000000003 0.199 0.4136666671875 0.215 0.42766666718749996 0.23475000000000001 0.4313333328125 0.2375 0.4413333328125 0.24125000000000002
2 0.368 0.259 0.38133333281250004 0.26225 0.3903333328125 0.263 0.4113333328125 0.2605 0.42033333281249996 0.25775000000000003 0.4266666671875 0.2535 0.43433333281250003 0.24300000000000002 0.43499999999999994 0.24025 0.42800000000000005 0.23174999999999998 0.42033333281249996 0.21575000000000003 0.4176666671875 0.20600000000000002 0.41600000000000004 0.1855 0.41500000000000004 0.18275 0.41200000000000003 0.181 0.40433333281249995 0.18075000000000002 0.362 0.192 0.355 0.19575 0.35 0.20024999999999998 0.3446666671875 0.213 0.3446666671875 0.22774999999999998 0.3496666671875 0.24375 0.3573333328125 0.253 0.368 0.259
2 0.44266666718750003 0.30924999999999997 0.4556666671875 0.3095 0.4686666671875 0.30724999999999997 0.4883333328125 0.3005 0.502 0.29100000000000004 0.5083333328124999 0.28025 0.508 0.26625 0.5046666671875 0.254 0.497 0.2355 0.49533333281249997 0.23275 0.4933333328125 0.23199999999999998 0.47066666718750005 0.23975 0.441 0.242 0.42833333281249997 0.2475 0.41966666718749995 0.2535 0.41500000000000004 0.26349999999999996 0.41500000000000004 0.27875 0.4183333328125 0.29325 0.42833333281249997 0.304 0.44266666718750003 0.30924999999999997
2 0.392 0.5445 0.4063333328125 0.548 0.41900000000000004 0.548 0.429 0.54575 0.4376666671875 0.5387500000000001 0.4523333328125 0.5215 0.454 0.51775 0.45199999999999996 0.49450000000000005 0.4446666671875 0.48025 0.4403333328125 0.47575 0.4313333328125 0.4725 0.403 0.47400000000000003 0.3903333328125 0.48025 0.377 0.489 0.367 0.5035000000000001 0.364 0.514 0.364 0.521 0.3696666671875 0.53125 0.377 0.537 0.392 0.5445
2 0.4563333328125 0.5894999999999999 0.4836666671875 0.58925 0.493 0.587 0.502 0.5765 0.5156666671875 0.5467500000000001 0.5186666671875 0.5309999999999999 0.5123333328124999 0.5255 0.4916666671875 0.5175 0.48166666718749995 0.5157499999999999 0.4573333328125 0.516 0.45199999999999996 0.51775 0.4413333328125 0.525 0.43666666718749997 0.532 0.43433333281250003 0.541 0.437 0.5735 0.441 0.585 0.4453333328125 0.5872499999999999 0.4563333328125 0.5894999999999999
1 0.43600000000000005 0.8160000000000001 0.4483333328125 0.82075 0.48333333281249996 0.8305 0.48566666718749996 0.8322499999999999 0.4943333328125 0.8307499999999999 0.5166666671875 0.8182499999999999 0.524 0.8 0.5253333328124999 0.795 0.5246666671875 0.78925 0.5196666671875 0.7787499999999999 0.513 0.7707499999999999 0.5036666671875001 0.76325 0.492 0.757 0.4773333328125 0.7535000000000001 0.462 0.7537499999999999 0.4476666671875 0.7565000000000001 0.4373333328125 0.76025 0.4336666671875 0.763 0.425 0.77175 0.422 0.7777499999999999 0.42033333281249996 0.784 0.42133333281249996 0.7967500000000001 0.429 0.81075 0.43600000000000005 0.8160000000000001
2 0.5183333328125 0.9102499999999999 0.5443333328125 0.906 0.5513333328125001 0.9037499999999999 0.5666666671875 0.89275 0.5736666671874999 0.88375 0.584 0.85 0.5823333328125 0.8445 0.575 0.8365 0.568 0.83125 0.5453333328125 0.8185 0.5326666671875 0.8145 0.5276666671875 0.8147500000000001 0.518 0.818 0.4993333328125 0.8342499999999999 0.499 0.8795 0.503 0.9 0.5083333328124999 0.905 0.5183333328125 0.9102499999999999
2 0.37533333281250003 0.8162499999999999 0.382 0.8175000000000001 0.397 0.8157500000000001 0.4146666671875 0.8125 0.41733333281249996 0.8105 0.4176666671875 0.796 0.421 0.78725 0.43533333281250003 0.769 0.43933333281250003 0.762 0.43966666718749997 0.75875 0.434 0.7525000000000001 0.42000000000000004 0.74375 0.40766666718750005 0.74175 0.3896666671875 0.741 0.3786666671875 0.74275 0.366 0.74775 0.355 0.758 0.3503333328125 0.7697499999999999 0.3503333328125 0.787 0.353 0.795 0.3573333328125 0.8005000000000001 0.37533333281250003 0.8162499999999999
2 0.36633333281249997 0.87675 0.3866666671875 0.88125 0.3886666671875 0.88125 0.393 0.8785000000000001 0.3996666671875 0.87775 0.417 0.8705 0.42533333281249996 0.86 0.43166666718749996 0.8467499999999999 0.43166666718749996 0.8355 0.4286666671875 0.829 0.4086666671875 0.8145 0.396 0.8102499999999999 0.388 0.8102499999999999 0.37666666718749997 0.8119999999999999 0.3613333328125 0.8172499999999999 0.3526666671875 0.8230000000000001 0.3483333328125 0.8275 0.3423333328125 0.83925 0.34199999999999997 0.84925 0.344 0.858 0.353 0.8707499999999999 0.36633333281249997 0.87675