0 0.7123333328125 0.14750000000000002 0.7206666671875 0.1505 0.751 0.15375 0.771 0.15225 0.791 0.146 0.8146666671875 0.127 0.818 0.10674999999999998 0.8106666671875 0.0885 0.8016666671875001 0.076 0.7983333328125 0.07325000000000001 0.784 0.06425 0.7743333328124999 0.062 0.7716666671875 0.060250000000000005 0.7593333328125 0.058499999999999996 0.7436666671875 0.059750000000000004 0.7193333328125 0.06825 0.7070000000000001 0.076 0.7 0.08325 0.696 0.091 0.6953333328125 0.0995 0.697 0.11474999999999999 0.705 0.13774999999999998 0.7123333328125 0.14750000000000002
2 0.8396666671874999 0.15375 0.8466666671875 0.16299999999999998 0.85 0.17124999999999999 0.852 0.1895 0.8470000000000001 0.20475 0.8473333328124999 0.2085 0.8539999999999999 0.20925 0.865 0.20775000000000002 0.8766666671875001 0.20325000000000001 0.897 0.18825 0.9063333328125 0.1775 0.9083333328125001 0.16999999999999998 0.908 0.161 0.9029999999999999 0.1505 0.8916666671875 0.141 0.8763333328125 0.13425 0.8686666671875001 0.13274999999999998 0.8416666671874999 0.1325 0.8296666671875 0.13574999999999998 0.8216666671875 0.14025 0.819 0.14250000000000002 0.82 0.144 0.8266666671875 0.146 0.8396666671874999 0.15375
2 0.6563333328125001 0.47625 0.665 0.48324999999999996 0.6769999999999999 0.49050000000000005 0.6926666671875 0.49400000000000005 0.71 0.49450000000000005 0.7243333328125 0.49349999999999994 0.74 0.48875 0.752 0.48250000000000004 0.7633333328125 0.4715 0.7686666671875 0.46325000000000005 0.7713333328124999 0.45375 0.7703333328124999 0.43949999999999995 0.7673333328124999 0.43324999999999997 0.7593333328125 0.42300000000000004 0.7443333328125 0.41500000000000004 0.7223333328125 0.41050000000000003 0.6849999999999999 0.41125 0.6736666671875 0.41525 0.67 0.41875 0.6606666671875 0.422 0.6463333328124999 0.43150000000000005 0.6426666671875 0.43899999999999995 0.6416666671875 0.44725000000000004 0.6443333328125 0.45899999999999996 0.6466666671875 0.46399999999999997 0.6563333328125001 0.47625
2 0.5483333328125 0.5085 0.5526666671875 0.51075 0.5703333328125 0.5135 0.581 0.5135 0.597 0.50975 0.6053333328125 0.50575 0.61 0.50125 0.616 0.49775 0.6213333328124999 0.49000000000000005 0.6266666671875 0.47824999999999995 0.626 0.47275 0.6276666671875 0.46775 0.6306666671875 0.46699999999999997 0.6306666671875 0.45225 0.6273333328125 0.446 0.626 0.43975 0.617 0.43075 0.5996666671875001 0.42474999999999996 0.589 0.42325 0.5846666671875 0.4215 0.5690000000000001 0.42125 0.5599999999999999 0.4225 0.5469999999999999 0.42774999999999996 0.5326666671875 0.43775000000000003 0.5233333328125 0.44725000000000004 0.517 0.4575 0.5136666671875 0.46775 0.5173333328124999 0.48875 0.5256666671875 0.5 0.54 0.5065000000000001 0.5483333328125 0.5085
2 0.524 0.42175 0.5416666671875 0.4255 0.5486666671875 0.4255 0.5596666671875 0.42175 0.575 0.41925 0.584 0.41925 0.5900000000000001 0.417 0.6063333328125 0.40675 0.613 0.39775 0.6146666671875 0.39249999999999996 0.6146666671875 0.3845 0.612 0.38 0.6093333328125 0.37625000000000003 0.6003333328125 0.369 0.5793333328125 0.361 0.5593333328125001 0.35724999999999996 0.5469999999999999 0.35625 0.5363333328125 0.35625 0.5253333328124999 0.3585 0.511 0.3655 0.49866666718749997 0.37675000000000003 0.49466666718749996 0.3855 0.49400000000000005 0.39175 0.49633333281249997 0.403 0.502 0.41125 0.524 0.42175
2 0.6596666671875 0.7175 0.67 0.72475 0.675 0.72675 0.693 0.72275 0.705 0.71825 0.7213333328125 0.70875 0.7283333328125 0.70075 0.733 0.692 0.7346666671875 0.686 0.7343333328125 0.67725 0.731 0.66975 0.7246666671875001 0.661 0.705 0.6457499999999999 0.6973333328125 0.6425 0.6846666671875 0.6405000000000001 0.663 0.64125 0.6466666671875 0.64625 0.63 0.6565000000000001 0.614 0.6735 0.605 0.68925 0.6046666671875001 0.6945 0.6066666671875 0.6980000000000001 0.6303333328125 0.70425 0.6596666671875 0.7175
2 0.5726666671875 0.7675 0.5796666671875 0.7745 0.5916666671875 0.782 0.6186666671875 0.7915 0.6346666671875 0.79325 0.6566666671875 0.787 0.6723333328125001 0.776 0.675 0.77 0.6776666671875 0.768 0.6793333328125 0.75825 0.6836666671875 0.7525000000000001 0.678 0.7365 0.6719999999999999 0.728 0.6639999999999999 0.72075 0.648 0.71175 0.619 0.70075 0.5966666671875 0.70025 0.584 0.7032499999999999 0.5793333328125 0.70625 0.5676666671875 0.718 0.563 0.728 0.563 0.74475 0.564 0.75125 0.5676666671875 0.76 0.5726666671875 0.7675
2 0.48600000000000004 0.6872499999999999 0.49400000000000005 0.693 0.49733333281250003 0.6940000000000001 0.504 0.6995 0.5256666671875 0.7095 0.541 0.7105 0.5643333328125 0.6990000000000001 0.5683333328125 0.6885 0.5683333328125 0.671 0.5623333328125 0.657 0.5429999999999999 0.641 0.529 0.63525 0.521 0.6335 0.5056666671875 0.63325 0.496 0.63425 0.4863333328125 0.63875 0.4813333328125 0.6425 0.475 0.65075 0.4723333328125 0.6575 0.472 0.66325 0.47366666718749995 0.67 0.4783333328125 0.6785 0.48600000000000004 0.6872499999999999
2 0.369 0.755 0.377 0.76075 0.3886666671875 0.7657499999999999 0.4063333328125 0.76875 0.4233333328125 0.775 0.438 0.76625 0.4543333328125 0.7617499999999999 0.46733333281249995 0.75525 0.479 0.74675 0.485 0.7382500000000001 0.487 0.72675 0.4843333328125 0.716 0.4843333328125 0.7085 0.4766666671875 0.69675 0.47133333281249995 0.69225 0.46333333281250005 0.68875 0.4386666671875 0.68125 0.4113333328125 0.6815 0.392 0.6849999999999999 0.3803333328125 0.68875 0.3653333328125 0.70125 0.358 0.71425 0.3576666671875 0.72375 0.3603333328125 0.7365 0.3636666671875 0.748 0.369 0.755
2 0.487 0.8182499999999999 0.5303333328125001 0.8300000000000001 0.537 0.8307499999999999 0.5523333328125 0.82725 0.5636666671875 0.82125 0.5736666671874999 0.8115 0.5813333328125 0.79475 0.5816666671874999 0.78275 0.5650000000000001 0.75675 0.562 0.7485 0.5606666671875 0.7382500000000001 0.5563333328125 0.73575 0.537 0.73 0.5223333328125 0.7292500000000001 0.504 0.73075 0.49066666718749996 0.73575 0.4853333328125 0.74175 0.47366666718749995 0.76 0.46900000000000003 0.775 0.46799999999999997 0.79125 0.4703333328125 0.79825 0.477 0.8089999999999999 0.487 0.8182499999999999
2 0.63 0.83375 0.639 0.83775 0.65 0.8407500000000001 0.662 0.8407500000000001 0.674 0.83775 0.683 0.83375 0.693 0.82725 0.7036666671875 0.8182499999999999 0.7106666671874999 0.8065 0.7126666671875 0.8 0.712 0.7865 0.7086666671875 0.77725 0.696 0.75925 0.6856666671875 0.75275 0.6816666671875 0.7515 0.6763333328125001 0.7715 0.6703333328125 0.7787499999999999 0.6626666671875 0.78425 0.632 0.79425 0.624 0.79475 0.618 0.7985 0.6113333328125 0.79775 0.6103333328125 0.79925 0.61 0.806 0.6126666671875001 0.818 0.623 0.82875 0.63 0.83375
2 0.6933333328125 0.53225 0.7003333328125 0.537 0.709 0.54075 0.7203333328125 0.5429999999999999 0.744 0.54375 0.7576666671875001 0.54125 0.7683333328125 0.53725 0.783 0.526 0.7866666671875 0.521 0.7896666671875 0.51325 0.791 0.5002500000000001 0.787 0.48375 0.7796666671875 0.47225 0.7713333328124999 0.46475 0.767 0.46749999999999997 0.7613333328125 0.47525000000000006 0.7506666671875 0.48425 0.7213333328125 0.496 0.7043333328125 0.49675 0.6813333328125 0.49424999999999997 0.679 0.4965 0.6783333328125 0.50575 0.6809999999999999 0.515 0.686 0.525 0.6933333328125 0.53225