1 0.3056666671875 0.852 0.314 0.8542500000000001 0.3266666671875 0.8552500000000001 0.3536666671875 0.8550000000000001 0.36633333281249997 0.8535 0.37466666718749997 0.85125 0.391 0.8432499999999999 0.4006666671875 0.83675 0.40833333281249995 0.82825 0.41233333281249995 0.8210000000000001 0.4143333328125 0.8087500000000001 0.4113333328125 0.7885 0.4026666671875 0.7775000000000001 0.3916666671875 0.77125 0.3716666671875 0.7695000000000001 0.354 0.7695000000000001 0.3393333328125 0.771 0.317 0.7755 0.3043333328125 0.78 0.29700000000000004 0.7849999999999999 0.29 0.79375 0.28700000000000003 0.79975 0.2826666671875 0.8215 0.2846666671875 0.8317500000000001 0.29900000000000004 0.8480000000000001 0.3056666671875 0.852
2 0.40366666718750005 0.89925 0.4216666671875 0.90025 0.43166666718749996 0.89875 0.45133333281250004 0.89025 0.45766666718750004 0.88425 0.462 0.87775 0.46399999999999997 0.8710000000000001 0.4646666671875 0.8574999999999999 0.46166666718749994 0.8385 0.45599999999999996 0.8314999999999999 0.44400000000000006 0.826 0.43166666718749996 0.8234999999999999 0.42366666718749996 0.8234999999999999 0.418 0.8240000000000001 0.40700000000000003 0.82775 0.3866666671875 0.8445 0.38333333281250004 0.849 0.3823333328125 0.8547499999999999 0.382 0.8724999999999999 0.3863333328125 0.8869999999999999 0.3926666671875 0.89375 0.40366666718750005 0.89925
2 0.5509999999999999 0.78025 0.5586666671875 0.78275 0.583 0.77925 0.5976666671875 0.773 0.6073333328125 0.76525 0.612 0.75925 0.616 0.7485 0.619 0.733 0.6193333328125 0.72175 0.614 0.7072499999999999 0.6023333328125 0.6912499999999999 0.5976666671875 0.6877500000000001 0.5633333328125001 0.67925 0.5589999999999999 0.6755 0.5576666671875 0.6715 0.545 0.6685 0.5436666671875 0.673 0.545 0.67825 0.5476666671875 0.682 0.5403333328125 0.6885 0.5333333328125 0.70025 0.53 0.709 0.5286666671875 0.7215 0.5266666671875 0.74825 0.529 0.758 0.5393333328125001 0.77125 0.5509999999999999 0.78025
2 0.637 0.62325 0.658 0.629 0.6723333328125001 0.63 0.6856666671875 0.6275000000000001 0.693 0.6247499999999999 0.7023333328125 0.6184999999999999 0.7123333328125 0.60575 0.7153333328125 0.59675 0.714 0.58425 0.7046666671875 0.5700000000000001 0.7 0.5650000000000001 0.6836666671875 0.5535 0.6756666671875 0.55 0.6633333328125001 0.5467500000000001 0.6446666671875 0.54475 0.6253333328124999 0.5495 0.6213333328124999 0.55225 0.6103333328125 0.56575 0.604 0.57925 0.6036666671875001 0.58475 0.6116666671875 0.5974999999999999 0.6253333328124999 0.6144999999999999 0.637 0.62325
2 0.5413333328125 0.5900000000000001 0.554 0.59325 0.5706666671875 0.5945 0.5953333328125 0.587 0.5993333328125 0.58425 0.6053333328125 0.57725 0.6176666671875 0.5587500000000001 0.618 0.554 0.6153333328125 0.544 0.601 0.51675 0.5690000000000001 0.50625 0.5406666671875 0.5055 0.5218023328125 0.51398475 0.5173333328124999 0.517 0.512 0.5235000000000001 0.5086666671875 0.53675 0.509 0.5559999999999999 0.5153333328125 0.57175 0.5306666671875 0.58525 0.5413333328125 0.5900000000000001
2 0.457 0.5660000000000001 0.4773333328125 0.54725 0.49466666718749996 0.5349999999999999 0.4966666671875 0.532 0.4966666671875 0.52825 0.49000000000000005 0.515 0.4843333328125 0.50875 0.47866666718750006 0.505 0.4686666671875 0.50175 0.4556666671875 0.5002500000000001 0.4296666671875 0.503 0.41733333281249996 0.506 0.3943333328125 0.5175 0.387929 0.53314175 0.387929 0.55138675 0.41733333281249996 0.57575 0.434 0.5742499999999999 0.4463333328125 0.571 0.457 0.5660000000000001
2 0.6086666671875001 0.6835 0.622 0.67775 0.633 0.66925 0.64 0.657 0.6363333328125 0.62175 0.6216666671875 0.6042500000000001 0.6076666671875001 0.5905 0.6023333328125 0.587 0.5940000000000001 0.58475 0.581 0.5875 0.575 0.5902499999999999 0.5676666671875 0.596 0.5636666671875 0.6094999999999999 0.5543333328125 0.626 0.5433333328125001 0.65625 0.5668326671874999 0.6727145 0.581 0.6849999999999999 0.5956666671875 0.68575 0.6086666671875001 0.6835
2 0.7106666671874999 0.34825 0.737217 0.34137125 0.7542556671875 0.324951 0.7686666671875 0.30575 0.767 0.2925 0.7636666671875 0.2855 0.755 0.27425 0.739 0.26325 0.7243333328125 0.25725 0.71 0.25425 0.6973333328125 0.25525000000000003 0.6863333328125 0.25775000000000003 0.6719999999999999 0.26275 0.6656666671875 0.26749999999999996 0.6606666671875 0.2765 0.6593333328125001 0.28500000000000003 0.6606666671875 0.3185 0.6683333328125001 0.33325 0.6816666671875 0.34375 0.7106666671874999 0.34825
2 0.6153333328125 0.40449999999999997 0.621 0.4085 0.6356666671875 0.41500000000000004 0.645 0.4175 0.6556666671875 0.4165 0.682 0.40725 0.6980000000000001 0.39449999999999996 0.7046666671875 0.37975 0.7056666671875 0.35425 0.6986666671874999 0.34700000000000003 0.683 0.34025 0.673 0.333 0.6583333328125 0.31625000000000003 0.65 0.31175 0.6443333328125 0.3105 0.6296666671875 0.31475 0.6206666671875001 0.31925 0.6146666671875 0.3245 0.6066666671875 0.33825 0.6016666671875 0.35425 0.5996666671875001 0.369 0.599 0.37875000000000003 0.6013333328125 0.3875 0.6046666671875001 0.39325 0.6153333328125 0.40449999999999997
2 0.6809999999999999 0.261 0.687 0.26 0.7096666671875 0.2595 0.7256666671875001 0.26325 0.7456666671875001 0.27275 0.758 0.272 0.7696666671875 0.26175000000000004 0.7783333328125 0.25625 0.7806666671875 0.253 0.784 0.24075000000000002 0.7846666671875 0.21549999999999997 0.7773333328125 0.20875 0.7596666671875 0.20299999999999999 0.7393333328125 0.20024999999999998 0.7190000000000001 0.20074999999999998 0.6950000000000001 0.21150000000000002 0.675 0.22574999999999998 0.6666666671875 0.23625 0.6639999999999999 0.24425 0.6633333328125001 0.26325 0.6666666671875 0.26525 0.6723333328125001 0.26475 0.6809999999999999 0.261
2 0.5633333328125001 0.29700000000000004 0.5700000000000001 0.301 0.5963333328125 0.30225 0.6093333328125 0.3005 0.6410716671875 0.27295325 0.6463333328124999 0.24425 0.6356666671875 0.2245 0.625 0.21349999999999997 0.6196666671875 0.2105 0.609 0.207 0.595 0.20475 0.5816666671874999 0.207 0.5676666671875 0.21125 0.5496666671875 0.22275 0.5453333328125 0.22799999999999998 0.5443333328125 0.233 0.5443333328125 0.254 0.549 0.272 0.5559999999999999 0.2875 0.5633333328125001 0.29700000000000004
2 0.4580156671875 0.36467550000000004 0.47734899999999997 0.3741755 0.507198 0.3723875 0.5254536671875 0.363265 0.536407 0.34502025000000003 0.5497943328125 0.3340735 0.5610156671875 0.3029255 0.5586823328125 0.2986755 0.5540156671875 0.2954255 0.5293490000000001 0.2879255 0.49601566718749995 0.2874255 0.48568233281250006 0.2854255 0.47768233281250005 0.2854255 0.4700156671875 0.29017550000000003 0.4516823328125 0.3109255 0.44601566718749996 0.3219255 0.44368233281249997 0.33117549999999996 0.443349 0.3461755 0.4440156671875 0.3531755 0.44601566718749996 0.3559255 0.4580156671875 0.36467550000000004
2 0.4609763328125 0.257873 0.4615113328125 0.23942875 0.48397833281249997 0.224192 0.5032356671875 0.22178625 0.5219583328125 0.2205835 0.533192 0.22298925 0.5453333328125 0.23125 0.5453333328125 0.22725 0.5376666671875 0.21200000000000002 0.5246666671875 0.19924999999999998 0.5086666671875 0.1875 0.4863333328125 0.17825 0.47066666718750005 0.17575000000000002 0.46166666718749994 0.17575000000000002 0.4543333328125 0.1765 0.4443333328125 0.1795 0.43200000000000005 0.18525 0.42300000000000004 0.19125 0.41566666718749995 0.20049999999999998 0.4143333328125 0.20525000000000002 0.414 0.21825 0.417 0.229 0.43369466718750005 0.2418345 0.4609763328125 0.257873