1 0.5523333328125 0.29100000000000004 0.5543333328125 0.29474999999999996 0.5736666671874999 0.306 0.5860000000000001 0.321 0.5883333328125 0.32225000000000004 0.607 0.31675 0.615 0.31225 0.621 0.30674999999999997 0.624 0.3025 0.6286666671875001 0.28775 0.6286666671875001 0.271 0.6246666671875001 0.26325 0.6153333328125 0.2555 0.5993333328125 0.2495 0.58 0.248 0.576 0.24975 0.5743333328125 0.25225 0.567 0.272 0.561 0.27875 0.5583333328125 0.28450000000000003 0.5523333328125 0.29100000000000004
1 0.483 0.6455 0.485 0.65025 0.492 0.65675 0.5096666671875 0.66225 0.5226666671875 0.6639999999999999 0.533 0.6675 0.538 0.6677500000000001 0.5453333328125 0.6665 0.5506666671875 0.66425 0.5753333328125 0.6385 0.5813333328125 0.63125 0.5826666671875 0.62725 0.5823333328125 0.619 0.5763333328125 0.61 0.568 0.60275 0.5553333328125001 0.5945 0.5383333328125001 0.5912499999999999 0.5256666671875 0.5902499999999999 0.507 0.593 0.493 0.6012500000000001 0.488 0.607 0.4766666671875 0.627 0.475 0.63475 0.4756666671875 0.639 0.4783333328125 0.64325 0.483 0.6455
2 0.3783333328125 0.65075 0.3806666671875 0.651 0.387 0.645 0.403 0.637 0.41200000000000003 0.63425 0.42400000000000004 0.6327499999999999 0.43499999999999994 0.6327499999999999 0.4403333328125 0.634 0.45366666718750004 0.6345 0.4563333328125 0.63375 0.45866666718750004 0.63075 0.45933333281250005 0.62675 0.4566666671875 0.614 0.457 0.60725 0.44066666718749997 0.583 0.43099999999999994 0.5855 0.41900000000000004 0.58 0.4046666671875 0.577 0.396 0.5775 0.3856666671875 0.58 0.37466666718749997 0.5835 0.3613333328125 0.59175 0.3573333328125 0.5972500000000001 0.354 0.60775 0.354 0.616 0.357 0.6245 0.365 0.63625 0.3783333328125 0.65075
2 0.40933333281250006 0.23925000000000002 0.42400000000000004 0.23525000000000001 0.44266666718750003 0.23424999999999999 0.45366666718750004 0.236 0.4601666671875 0.238625 0.46333333281250005 0.24125000000000002 0.46733333281249995 0.24100000000000002 0.4716666671875 0.233 0.4726666671875 0.219 0.46900000000000003 0.20525000000000002 0.45366666718750004 0.1915 0.4436666671875 0.1855 0.4296666671875 0.17925 0.41900000000000004 0.17625 0.40533333281250006 0.1755 0.39 0.17925 0.3743333328125 0.19375 0.361 0.21575000000000003 0.3593333328125 0.22400000000000003 0.3593333328125 0.23575 0.364 0.25125000000000003 0.381 0.254 0.40933333281250006 0.23925000000000002
2 0.3926666671875 0.37875000000000003 0.4113333328125 0.38849999999999996 0.4273333328125 0.392 0.45499999999999996 0.38925 0.4703333328125 0.38125 0.48200000000000004 0.36875 0.4863333328125 0.36225 0.4893333328125 0.35350000000000004 0.48966666718749996 0.3375 0.48600000000000004 0.32225000000000004 0.48200000000000004 0.31775000000000003 0.46666666718750005 0.31025 0.4623333328125 0.3105 0.41633333281249996 0.32625000000000004 0.404 0.33175 0.3983333328125 0.33575 0.38366666718750003 0.33775 0.3806666671875 0.33975 0.38 0.36175 0.3846666671875 0.37275 0.389 0.374 0.3926666671875 0.37875000000000003
0 0.3903333328125 0.30674999999999997 0.398 0.31124999999999997 0.4153333328125 0.31675 0.43 0.31825000000000003 0.45499999999999996 0.31175 0.46666666718750005 0.307 0.48266666718750006 0.286 0.4843333328125 0.27975 0.4836666671875 0.27125 0.47866666718750006 0.25625 0.46666666718750005 0.24175 0.45466666718750004 0.23625 0.43899999999999995 0.23374999999999999 0.4306666671875 0.23374999999999999 0.41633333281249996 0.23625 0.4056666671875 0.24025 0.393 0.2475 0.3826666671875 0.25575000000000003 0.37666666718749997 0.26349999999999996 0.37533333281250003 0.284 0.37666666718749997 0.29025 0.38166666718750003 0.29900000000000004 0.3903333328125 0.30674999999999997
2 0.5053333328125 0.37675000000000003 0.511 0.37925 0.522 0.3795 0.5533333328125 0.373 0.5693333328125 0.3655 0.576 0.3605 0.5820000000000001 0.353 0.5860000000000001 0.34199999999999997 0.5883333328125 0.321 0.5733333328125 0.30525 0.5526666671875 0.29425 0.5443333328125 0.29300000000000004 0.5293333328125 0.294 0.5053333328125 0.29900000000000004 0.4993333328125 0.302 0.49466666718749996 0.306 0.48966666718749996 0.31325 0.488 0.31875 0.4903333328125 0.33908325 0.489 0.36124999999999996 0.49233333281249997 0.367 0.5053333328125 0.37675000000000003
2 0.3473333328125 0.32999999999999996 0.3696666671875 0.3355 0.381 0.33575 0.4 0.33175 0.41566666718749995 0.32225000000000004 0.41600000000000004 0.31825000000000003 0.40800000000000003 0.3135 0.40199999999999997 0.312 0.3956666671875 0.30874999999999997 0.3875 0.303125 0.3826666671875 0.29725 0.3763333328125 0.28275 0.378 0.27925 0.3776666671875 0.2745 0.3806666671875 0.268 0.37966666718750003 0.26275 0.38133333281250004 0.258 0.37966666718750003 0.2555 0.373 0.253 0.3656666671875 0.253 0.354 0.25525000000000003 0.3426666671875 0.258 0.337 0.26125 0.325 0.27125 0.316 0.29125 0.3166666671875 0.3025 0.3233333328125 0.31425000000000003 0.33799999999999997 0.32599999999999996 0.3473333328125 0.32999999999999996
2 0.505 0.29275 0.5086666671875 0.2935 0.5456666671875 0.2915 0.548 0.29075 0.5566666671875 0.28325 0.568 0.26725 0.5716666671875 0.255 0.5766666671875 0.2455 0.577 0.23275 0.5730000000000001 0.223 0.5633333328125001 0.21275 0.5509999999999999 0.20875 0.5446666671875 0.205 0.536 0.20425 0.5223333328125 0.207 0.5066666671875 0.213 0.5066666671875 0.21475 0.5 0.21800000000000003 0.49800000000000005 0.21749999999999997 0.4883333328125 0.22825 0.48 0.24375 0.4796666671875 0.25175000000000003 0.48600000000000004 0.27125 0.49400000000000005 0.28700000000000003 0.505 0.29275
2 0.5006666671875 0.73975 0.5126666671875 0.74475 0.5273333328125 0.74675 0.5446666671875 0.744 0.558 0.736 0.563 0.72875 0.5636666671875 0.7238749999999999 0.5686666671875 0.71675 0.568 0.7125 0.5603333328125 0.6912499999999999 0.5526666671875 0.68175 0.5413333328125 0.673 0.5213333328124999 0.66575 0.5056666671875 0.6639999999999999 0.493 0.665 0.48666666718749996 0.6685 0.4783333328125 0.6755 0.47066666718750005 0.6845 0.4683333328125 0.6895 0.46666666718750005 0.69725 0.4703333328125 0.70925 0.4863333328125 0.7295 0.5006666671875 0.73975
1 0.4143333328125 0.7005 0.42366666718749996 0.70575 0.42766666718749996 0.70575 0.46333333281250005 0.6952499999999999 0.47366666718749995 0.67925 0.48666666718749996 0.66575 0.483 0.6545 0.47066666718750005 0.6407499999999999 0.4566666671875 0.635 0.434 0.632 0.4246666671875 0.632 0.40533333281250006 0.6355000000000001 0.3883333328125 0.644 0.37933333281250003 0.6525000000000001 0.3736666671875 0.6665 0.374 0.67375 0.37933333281250003 0.68225 0.3923333328125 0.6935 0.4143333328125 0.7005
2 0.361 0.74675 0.3716666671875 0.74825 0.381 0.748 0.40433333281249995 0.743 0.40766666718750005 0.7405 0.4273333328125 0.705 0.41600000000000004 0.69975 0.3916666671875 0.6915 0.384 0.68575 0.37733333281250003 0.6759999999999999 0.37266666718749997 0.6717500000000001 0.3613333328125 0.67675 0.3453333328125 0.6885 0.3376666671875 0.69775 0.333 0.71025 0.33366666718750004 0.72475 0.3373333328125 0.732 0.343 0.7384999999999999 0.361 0.74675
0 0.5543333328125 0.66625 0.5413333328125 0.66975 0.5599999999999999 0.6895 0.5656666671874999 0.70125 0.568 0.70275 0.5730000000000001 0.7032499999999999 0.584 0.70225 0.5980000000000001 0.6992499999999999 0.6066666671875 0.69475 0.617 0.682 0.6203333328125 0.67075 0.6183333328125 0.6585 0.6113333328125 0.64775 0.597 0.6385 0.584 0.635 0.5780000000000001 0.637 0.562 0.654 0.564 0.6587500000000001 0.561 0.6615 0.5543333328125 0.66625
2 0.43899999999999995 0.76875 0.45366666718750004 0.77125 0.4653333328125 0.77025 0.4763333328125 0.76625 0.4916666671875 0.755 0.4943333328125 0.7485 0.49400000000000005 0.74 0.4773333328125 0.7184999999999999 0.47366666718749995 0.7155 0.4643333328125 0.6985 0.4596666671875 0.6965 0.43933333281250003 0.7015 0.4266666671875 0.709 0.41900000000000004 0.71725 0.4126666671875 0.72775 0.4096666671875 0.73675 0.40366666718750005 0.743 0.404 0.7455 0.40933333281250006 0.7515 0.42699999999999994 0.7635 0.43899999999999995 0.76875