2 0.542 0.18525 0.5686666671875 0.18575 0.58 0.18275 0.5993333328125 0.17350000000000002 0.6046666671875001 0.1695 0.6076666671875001 0.16525 0.6126666671875001 0.149 0.613 0.13674999999999998 0.611 0.1255 0.6003333328125 0.1105 0.5816666671874999 0.09975 0.5456666671875 0.0905 0.53 0.0945 0.5196666671875 0.099 0.5133333328125 0.1045 0.5043333328124999 0.11525 0.4993333328125 0.1275 0.49833333281250003 0.16375 0.5033333328125 0.17275000000000001 0.509 0.17725 0.542 0.18525
2 0.4683333328125 0.11850000000000001 0.481 0.12325 0.49133333281249997 0.12525 0.496 0.125 0.503 0.122 0.515 0.10974999999999999 0.5226666671875 0.10375000000000001 0.5293333328125 0.09975 0.5466666671875 0.093 0.5506666671875 0.0885 0.5373333328125 0.07225000000000001 0.5223333328125 0.060750000000000005 0.506 0.052500000000000005 0.4883333328125 0.0495 0.4796666671875 0.0495 0.46966666718749994 0.051500000000000004 0.453 0.06 0.446 0.0665 0.4413333328125 0.07325000000000001 0.43933333281250003 0.08199999999999999 0.43899999999999995 0.089 0.4413333328125 0.09725 0.44733333281250004 0.1055 0.4683333328125 0.11850000000000001
2 0.453 0.33175 0.461 0.339 0.47800000000000004 0.34875 0.487 0.351 0.496 0.35125 0.5286666671875 0.341 0.5336666671875 0.33675 0.5373333328125 0.32975 0.5406666671875 0.3125 0.5416666671875 0.29 0.5373333328125 0.27799999999999997 0.528 0.26549999999999996 0.5206666671875 0.25975000000000004 0.5086666671875 0.253 0.4956666671875 0.25 0.4846666671875 0.25025 0.47866666718750006 0.2515 0.4646666671875 0.25775000000000003 0.457 0.263 0.4516666671875 0.269 0.4446666671875 0.2805 0.44000000000000006 0.29275 0.44000000000000006 0.30674999999999997 0.4423333328125 0.316 0.44666666718750003 0.32325 0.453 0.33175
0 0.619 0.43825000000000003 0.6453333328124999 0.44225000000000003 0.6603333328125001 0.44325000000000003 0.6719999999999999 0.442 0.6856666671875 0.438 0.6953333328125 0.43324999999999997 0.7033333328125 0.42575 0.7083333328125 0.4165 0.7093333328125 0.39049999999999996 0.7143333328125 0.37825000000000003 0.71 0.36575 0.702 0.36025 0.6953333328125 0.35350000000000004 0.6823333328125 0.34925 0.6723333328125001 0.34750000000000003 0.6466666671875 0.34575 0.632 0.346 0.6146666671875 0.352 0.6006666671875001 0.36175 0.5940000000000001 0.368 0.591 0.37725 0.591 0.41875 0.5953333328125 0.4285 0.6003333328125 0.43174999999999997 0.619 0.43825000000000003
0 0.5056666671875 0.42675 0.515 0.43075 0.5216666671875 0.43224999999999997 0.5336666671875 0.43324999999999997 0.5526666671875 0.433 0.5583333328125 0.4325 0.5693333328125 0.42925 0.5796666671875 0.42225 0.5846666671875 0.41500000000000004 0.5896666671874999 0.4035 0.5916666671875 0.394 0.5906666671874999 0.3825 0.5863333328125 0.371 0.576 0.35775 0.571 0.34750000000000003 0.5666666671875 0.34375 0.5456666671875 0.33675 0.5313333328125001 0.33675 0.505 0.34550000000000003 0.4916666671875 0.35125 0.4813333328125 0.36775 0.481 0.37875000000000003 0.489 0.404 0.499 0.42074999999999996 0.5056666671875 0.42675
2 0.4136666671875 0.45899999999999996 0.42766666718749996 0.4665 0.43533333281250003 0.46875 0.4493333328125 0.46925 0.4653333328125 0.46624999999999994 0.481 0.454 0.47866666718750006 0.44725000000000004 0.4733333328125 0.4445 0.481 0.4385 0.49233333281249997 0.41900000000000004 0.483 0.38125 0.481 0.3775 0.4726666671875 0.373 0.458 0.37075 0.44400000000000006 0.37225 0.4313333328125 0.375 0.41733333281249996 0.38025000000000003 0.4086666671875 0.3855 0.4023333328125 0.391 0.40033333281249994 0.39625 0.399 0.41050000000000003 0.4016666671875 0.442 0.40433333281249995 0.44775 0.4136666671875 0.45899999999999996
2 0.37033333281249997 0.6367499999999999 0.3876666671875 0.644 0.409 0.64775 0.4183333328125 0.6505 0.42933333281249997 0.6515 0.45199999999999996 0.64 0.46666666718750005 0.63425 0.47066666718750005 0.631 0.47400000000000003 0.62175 0.47300000000000003 0.60875 0.462 0.58375 0.45599999999999996 0.57525 0.44800000000000006 0.5675 0.4256666671875 0.55775 0.414 0.5547500000000001 0.403 0.55375 0.391 0.5555 0.377 0.561 0.363 0.568 0.355 0.57475 0.35 0.5815 0.3473333328125 0.59075 0.3466666671875 0.5974999999999999 0.3483333328125 0.607 0.355 0.62025 0.37033333281249997 0.6367499999999999
2 0.4386666671875 0.72475 0.446 0.7285 0.4606666671875 0.733 0.4813333328125 0.7365 0.493 0.7365 0.502 0.7344999999999999 0.5083333328124999 0.732 0.5166666671875 0.7262500000000001 0.5276666671875 0.7152499999999999 0.5363333328125 0.70375 0.5396666671875 0.69675 0.5426666671875 0.68275 0.5433333328125001 0.67075 0.5396666671875 0.6595 0.5256666671875 0.643 0.515 0.63775 0.4916666671875 0.631 0.48333333281249996 0.62975 0.4686666671875 0.6305 0.4413333328125 0.6407499999999999 0.434 0.6465 0.4266666671875 0.6545 0.42400000000000004 0.6627500000000001 0.42366666718749996 0.6757500000000001 0.4266666671875 0.709 0.4313333328125 0.71775 0.4386666671875 0.72475
2 0.545 0.6627500000000001 0.5833333328125 0.67025 0.6066666671875 0.6677500000000001 0.6196666671875 0.665 0.6276666671875 0.66175 0.6526666671875 0.64425 0.6603333328125001 0.634 0.665 0.62175 0.6643333328125001 0.606 0.6599999999999999 0.5955 0.654 0.588 0.6446666671875 0.57975 0.6326666671875001 0.57225 0.6226666671875 0.568 0.6093333328125 0.56525 0.5916666671875 0.5655 0.579 0.56875 0.5556666671875 0.5820000000000001 0.5446666671875 0.595 0.5346666671875 0.611 0.526 0.621 0.521 0.63125 0.5206666671875 0.63425 0.5263333328125 0.64675 0.5313333328125001 0.65225 0.545 0.6627500000000001
2 0.5666666671875 0.78225 0.5693333328125 0.7865 0.5816666671874999 0.7927500000000001 0.608 0.8007500000000001 0.6173333328124999 0.80175 0.6326666671875001 0.8015000000000001 0.645 0.799 0.6493333328124999 0.7969999999999999 0.659 0.7895 0.6626666671875 0.7845 0.669 0.77225 0.6719999999999999 0.76025 0.6706666671875 0.732 0.6633333328125001 0.7165 0.6526666671875 0.70275 0.639 0.69575 0.6263333328125 0.68625 0.6206666671875001 0.6845 0.6086666671875001 0.68475 0.5906666671874999 0.6912499999999999 0.5773333328125 0.69775 0.5660000000000001 0.7070000000000001 0.5573333328125 0.71975 0.5593333328125001 0.732 0.5646666671875 0.7457499999999999 0.5646666671875 0.7745 0.5666666671875 0.78225
2 0.331 0.7434999999999999 0.3433333328125 0.7474999999999999 0.37933333281250003 0.74875 0.3933333328125 0.74675 0.4046666671875 0.742 0.4176666671875 0.73475 0.4226666671875 0.73 0.42699999999999994 0.722 0.4223333328125 0.68275 0.422 0.657 0.4176666671875 0.6525000000000001 0.40366666718750005 0.6475 0.3786666671875 0.64525 0.367 0.64525 0.355 0.64825 0.3326666671875 0.65825 0.3186666671875 0.66875 0.3093333328125 0.6815 0.3043333328125 0.6950000000000001 0.3043333328125 0.70975 0.3136666671875 0.7315 0.319 0.737 0.331 0.7434999999999999